function output = H2Omolvolfun(T)
%Water molar volume temperature function

p1 = -2.18360231443530e-17;
p2 = 4.80521435362365e-14;
p3 = -4.52433765838117e-11;
p4 = 2.36309732063642e-08;
p5 = -7.39628399379366e-06;
p6 = 0.00138768587550463;
p7 = -0.144569240950916;
p8 = 6.47282118578248;

output = p1.*T.^7 + p2.*T.^6 + p3.*T.^5 + p4.*T.^4 + p5.*T.^3 + p6.*T.^2 + p7.*T + p8; 
end
