function output = THFmolvolfun(T)
%THF volar volume temperature function

p1 = 2.53811479407891e-18;
p2 = -5.99245968127044e-15;
p3 = 6.01312227398896e-12;
p4 = -3.31888340805050e-09;
p5 = 1.08738372594645e-06;
p6 = -0.000211247231360774;
p7 = 0.0225831893540397;
p8 = -0.955613402293912;

output = p1.*T.^7 + p2.*T.^6 + p3.*T.^5 + p4.*T.^4 + p5.*T.^3 + p6.*T.^2 + p7.*T + p8; 
end

